2022 7
25BA 16
25C4 17
25AC 22
21A8 23
2191 24
2193 25
2192 26
2190 27
221F 28
2194 29
25B2 30
25BC 31
2302 127
00C7 128
00FC 129
00E9 130
00E2 131
00E4 132
00E0 133
00E5 134
00E7 135
00EA 136
00EB 137
00E8 138
00EF 139
00EE 140
00EC 141
00C4 142
00C5 143
00C9 144
00E6 145
00C6 146
00F4 147
00F6 148
00F2 149
00FB 150
00F9 151
00FF 152
00D6 153
00DC 154
00A2 155
00A3 156
00A5 157
20A7 158
0192 159
00E1 160
00ED 161
00F3 162
00FA 163
00F1 164
00D1 165
00AA 166
00BA 167
00BF 168
2310 169
00AC 170
00BD 171
00BC 172
00A1 173
00AB 174
00BB 175
2591 176
2592 177
2593 178
2502 179
2524 180
2561 181
2562 182
2556 183
2555 184
2563 185
2551 186
2557 187
255D 188
255C 189
255B 190
2510 191
2514 192
2534 193
252C 194
251C 195
2500 196
253C 197
255E 198
255F 199
255A 200
2554 201
2569 202
2566 203
2560 204
2550 205
256C 206
2567 207
2568 208
2564 209
2565 210
2559 211
2558 212
2552 213
2553 214
256B 215
256A 216
2518 217
250C 218
2588 219
2584 220
258C 221
2590 222
2580 223
03B1 224
00DF 225
0393 226
03C0 227
03A3 228
03C3 229
00B5 230
03C4 231
03A6 232
0398 233
03A9 234
03B4 235
221E 236
03C6 237
03B5 238
2229 239
2261 240
00B1 241
2265 242
2264 243
2320 244
2321 245
00F7 246
2248 247
00B0 248
2219 249
00B7 250
221A 251
207F 252
00B2 253
25A0 254
00A0 255